A
1000 Generated by WorldEditor

1   5549 1 0 KTNX TONOPAH TEST RANGE
100 46.00 2 1 0.05 0 3 0 14  37.81403100 -116.78879200    0  305 2 1 0 0 32  37.78364400 -116.77270000    0  318 2 1 0 0
110 12 0.00 46.0000 New Taxiway 1
111  37.81643832 -116.79049186
111  37.81667765 -116.78976719
111  37.81976329 -116.79135886
113  37.81952552 -116.79208300
110 12 0.00 46.0000 New Taxiway 1
111  37.77715594 -116.76960890
111  37.77739528 -116.76888423
111  37.78112559 -116.77093984
113  37.78088782 -116.77166398
110 2 0.00 337.0000 New Taxiway 27
111  37.79451996 -116.77116260
111  37.79472513 -116.77127170
111  37.79412775 -116.77300490
113  37.79393089 -116.77289978
110 1 0.00 337.0000 New Taxiway 27
111  37.79448209 -116.77118009
111  37.79474387 -116.77131410
111  37.79416372 -116.77300058
113  37.79391026 -116.77287055
110 2 0.00 337.0000 New Taxiway 26
111  37.78899590 -116.77028332
111  37.78930315 -116.76939048
111  37.78951475 -116.76950135
113  37.78921397 -116.77040046
110 1 0.00 337.0000 New Taxiway 26
111  37.78896894 -116.77026737
111  37.78927059 -116.76938373
111  37.78954364 -116.76952201
113  37.78924846 -116.77041192
110 1 0.00 337.0000 New Taxiway 25
111  37.80258595 -116.77544054
111  37.80352739 -116.77258973
111  37.80509490 -116.77340278
113  37.80414017 -116.77627110
110 2 0.00 337.0000 Main Ramp
111  37.81434057 -116.77937087
111  37.81350642 -116.78188463
111  37.79657869 -116.77293836
111  37.79675552 -116.77241286
111  37.79344901 -116.77064811
111  37.79317379 -116.77148242
111  37.78715954 -116.76829569
111  37.78861635 -116.76385598
111  37.79795768 -116.76879710
111  37.79743237 -116.77044558
111  37.80322032 -116.77353903
111  37.80259249 -116.77543470
111  37.80413786 -116.77626038
113  37.80480078 -116.77426917
110 2 0.00 337.0000 Janet Ramp
111  37.78513357 -116.76825329
111  37.78535292 -116.76758962
111  37.78229343 -116.76598914
111  37.78316843 -116.76336925
111  37.78641521 -116.76514603
113  37.78535170 -116.76836561
110 2 0.00 337.0000 Main Taxi
111  37.78507267 -116.76844251
111  37.78514846 -116.76821419
111  37.81554897 -116.78428007
113  37.81546210 -116.78454549
110 1 0.00 337.0000 Main Taxi
111  37.78505689 -116.76848771
111  37.78516258 -116.76816969
111  37.81556355 -116.78423792
113  37.81544677 -116.78459304
110 2 0.00 337.0000 Taxi 3
111  37.80639223 -116.78448664
111  37.80821935 -116.77903677
111  37.80842544 -116.77914567
113  37.80659511 -116.78461032
110 1 0.00 337.0000 Taxi 3
111  37.80635081 -116.78449523
111  37.80817793 -116.77904537
111  37.80845901 -116.77917688
113  37.80662868 -116.78464153
110 2 0.00 337.0000 North Taxi Hold
111  37.81543396 -116.78451968
111  37.81510712 -116.78551651
111  37.81534362 -116.78604166
111  37.81486709 -116.78747703
111  37.81437430 -116.78758964
111  37.81403038 -116.78858355
111  37.81374270 -116.78843828
113  37.81514264 -116.78435653
110 1 0.00 337.0000 North Taxi Hold
111  37.81546555 -116.78453526
111  37.81514930 -116.78550965
111  37.81538296 -116.78603207
111  37.81489487 -116.78752445
111  37.81439604 -116.78763903
111  37.81407715 -116.78855681
111  37.81372791 -116.78838571
113  37.81510769 -116.78434950
110 2 0.00 337.0000 Center Taxi
111  37.79872197 -116.78045790
111  37.80050804 -116.77497244
111  37.80065863 -116.77505051
111  37.79957849 -116.77839728
111  37.80026477 -116.77878296
111  37.80032671 -116.77859708
111  37.80079539 -116.77886059
111  37.80061383 -116.77938949
111  37.80014033 -116.77913832
111  37.80020852 -116.77894320
111  37.79951782 -116.77856323
113  37.79886966 -116.78053798
110 1 0.00 337.0000 Center Taxi
111  37.79868629 -116.78043784
111  37.80047237 -116.77495238
111  37.80069827 -116.77506556
111  37.79963037 -116.77837769
111  37.80024412 -116.77872552
111  37.80030955 -116.77853203
111  37.80084513 -116.77883719
111  37.80063582 -116.77945349
111  37.80009590 -116.77915641
111  37.80016529 -116.77895702
111  37.79954785 -116.77862340
113  37.79890929 -116.78055303
110 2 0.00 337.0000 South Taxi 2
111  37.78914162 -116.77058483
111  37.78780930 -116.77464651
111  37.78761803 -116.77453870
111  37.78801641 -116.77330196
111  37.78776436 -116.77293424
111  37.78798068 -116.77224357
111  37.78771947 -116.77189566
113  37.78830249 -116.77014363
110 1 0.00 337.0000 South Taxi 2
111  37.78917362 -116.77062779
111  37.78785329 -116.77465152
111  37.78758115 -116.77450032
111  37.78795971 -116.77331373
111  37.78770628 -116.77295256
111  37.78792192 -116.77225949
111  37.78765605 -116.77191485
113  37.78824034 -116.77012728
110 2 0.00 337.0000 South Taxi 1
111  37.78527829 -116.76852126
111  37.78390644 -116.77260112
111  37.78373701 -116.77251108
111  37.78418256 -116.77117835
111  37.78396807 -116.77087977
111  37.78446124 -116.76936511
111  37.78475482 -116.76941211
113  37.78509706 -116.76843585
110 1 0.00 337.0000 South Taxi 1
111  37.78529864 -116.76853268
111  37.78394720 -116.77257594
111  37.78372554 -116.77246140
111  37.78415069 -116.77118513
111  37.78393690 -116.77088802
111  37.78444568 -116.76932948
111  37.78474261 -116.76937593
113  37.78507849 -116.76842224
130 Airport Boundary 2
111  37.82223104 -116.78718933
111  37.81994151 -116.79420426
111  37.77536502 -116.77120134
111  37.77799581 -116.76344097
111  37.78161430 -116.76546809
111  37.78355629 -116.75971767
111  37.79003200 -116.75914791
111  37.79947712 -116.76420224
111  37.79855372 -116.76695581
111  37.81597842 -116.77686262
113  37.81407513 -116.78251165
120 Linear Feature 3
111  37.78424190 -116.77169278 4
115  37.78401981 -116.77157577
120 Linear Feature 3
111  37.78809611 -116.77391127 4
115  37.78781623 -116.77376698
120 Linear Feature 3
111  37.79914757 -116.77983047 4
115  37.79892247 -116.77971327
120 Linear Feature 3
111  37.80686943 -116.78392049 4
115  37.80659602 -116.78377272
120 Linear Feature 3
111  37.81432025 -116.78785555 4
115  37.81397473 -116.78766454
21  37.81315733 -116.78758071 1 157.2900 3.0 14  VASI
21  37.78421318 -116.77372557 1 337.3000 3.0 32  VASI
14  37.79375686 -116.77159101 213.25 0 Tonopah Tower
18  37.79735891 -116.77726427 4 BCN
54 13410 SILVERBOW TWR
55 11935 NELLIS APP
99
